
l = [[0.8703779583072482, 1.6730284510627653], [0.8267259837009633, 1.2960853323869952], [1.5970495985336026, 0.8362689718487655], [2.1751803230654936, 1.1667387582466358], [2.091917549526258, 1.0426603195557989], [2.379098889660316, 0.5628386661954776], [0.9198839711853173, 0.9616170947458476], [2.0467975019088183, 2.3388017235533436], [1.9237542974318877, 2.211155280459904], [0.8147234038591395, 1.3968608433549603]]

    k1 = 1
    k2 = 100 #ne pas toucher (vitesse de cv)
    k3 = 0.5 # reste inférieur à 1
    k4 = 0.1
    k_s = 0.0045
    v_max = 5
    delta = 0.12
=> 87.20418286323547

    k1 = 0.1
    k2 = 100 #ne pas toucher (vitesse de cv)
    k3 = 0.5 # reste inférieur à 1
    k4 = 0.1
    k_s = 0.0045
    v_max = 5
    delta = 0.12
=> 48.80786371231079